267
223
37
266
186
191
307
231
289
260
263
36
216
336
262
341
238
28
339
136
281
312
235
337
185
279
23
304
30
338
232
211
306
225
280
218
239
241
305
270
272
222
212
234
126
102
311
237
345
192
230
273
288
335
264
27
224
287
210
268
271
217
285
258
261
138
24
362
31
25
58
32
204
57
26
205
187
328
180
179
350
356
301
188
194
309
141
248
300
161
329
176
332
189
247
97
331
175
310
98
355
330
105
52
91
352
87
79
158
72
147
51
346
146
325
2
92
171
14
351
42
353
11
1
15
16
121
90
348
182
124
340
349
81
177
63
40
153
64
88
104
80
334
54
170
160
122
53
123
55
144
9
67
168
68
202
49
118
163
71
8
166
47
111
96
203
48
165
164
119
100
109
358
69
208
256
201
66
319
254
317
253
17
242
200
132
19
209
276
61
314
156
196
255
13
18
143
316
34
95
298
195
155
229
107
149
293
295
21
78
154
73
283
75
59
129
197
35
131
360
198
115
12
117
113
228
125
297
214
33
172
215
39
134
282
77
45
207
277
246
135
157
38
213
112
257
150
313
326
227
318
20
299
